rtx.autoExposure.enabled = False
rtx.graphicsPreset = 0
rtx.bloom.intensity = 0.002
rtx.bloom.sigma = 0.2
rtx.enableFog = False
rtx.camera.enableFreeCamera = True
rtx.ignoreGameDirectionalLights = True
rtx.camera.freeCameraPosition = 0.622303, -0.000248555, 0.0777478
rtx.defaultToAdvancedUI = True
rtx.volumetricTransmittanceMeasurementDistance = 800
rtx.uiTextures = 0x3FC78C823061BDB0, 0x5970DA3808FA8128
rtx.captureInstanceStageName = 2023-10-02_21-12-23.usd
rtx.effectLightIntensity = 0.01
rtx.effectLightRadius = 0.5
rtx.emissiveBlendOverrideEmissiveIntensity = 0.1
rtx.emissiveIntensity = 8
rtx.terrainBaker.cascadeMap.useTerrainBBOX = False
rtx.enableUnorderedEmissiveParticlesInIndirectRays = True
rtx.enableVolumetricLighting = True
rtx.fallbackLightMode = 0
rtx.lightConverter = 0xA9C9EC59668F8FA3
rtx.fallbackLightType = 1
rtx.psrrMaxBounces = 15
rtx.freeCameraSpeed = 100
rtx.ignoreTextures = 0x6F0AB36E2C7DB1A6, 0x12327A08E725DEE0, 0x6D2446E17BAC3050, 0x1AAF8D953797EC8, 0x2F580E4763FAB662, 0xB6E06CE024FE9111
rtx.instanceOverrideInstanceIdx = 2147483647
rtx.legacyMaterial.roughnessConstant = 0.5
rtx.lightmapTextures = 0x6F0AB36E2C7DB1A6, 0x1AAF8D953797EC8, 0xB6E06CE024FE9111
rtx.particleTextures = 0x166C27331EA67091, 0x448152B6FE9F348C, 0xB573F6EEBBA1EC5D, 0xDF22766F02C29A32, 0x48188D919022F08A, 0x5D81D806AE2DE92, 0xE6FC7CF0FE185EE3
rtx.pstrMaxBounces = 15
rtx.sceneScale = 0.01
rtx.terrainBaker.material.properties.emissiveIntensity = 3
rtx.singleOffsetDecalTextures = 0xB1B07560C5C4F8B5, 0x1F6F1587CBD0596D, 0x1A5064AFE9DE1A85, 0xFA2BCD3686C0FA3D, 0x100B6B79A80CD45A, 0x1C2A7D03113BDFEA, 0x68993E1DC1CF7089, 0xC10F1EC79DE2CBF4, 0xDEA24817389E2C5C, 0xB0E2C6B971A94080, 0xA6A23F74235A7057, 0xE1CD26CC895E4681, 0xCF4FFFFC999E5747, 0x6E81524EF4DFCA4C, 0xE087EFA2E4CF70BF, 0xD7D734FCCB8567EF, 0xE6EE9AAA109BCCAE, 0xBDF2CC42EEF5BC8, 0x5DE0D8CB3888A896
rtx.skyBrightness = 3
rtx.skyDrawcallIdThreshold = 20
rtx.terrainBaker.cascadeMap.levelHalfWidth = 0.1
rtx.terrainBaker.cascadeMap.levelResolution = 8192
rtx.terrainBaker.material.properties.metallicConstant = 0.6
rtx.terrainBaker.cascadeMap.maxLevels = 16
rtx.terrainBaker.material.bakeSecondaryPBRTextures = True
rtx.terrainBaker.material.properties.roughnessConstant = 0
rtx.terrainTextures = 0x2E80D493174B8A86, 0xE2485858B755EC6, 0x356363866F6BBC46, 0x48396BC08D94FC66, 0xD4CA4C347366FA3E, 0x965CA4DD18709BFE, 0x8B58CC4A15D2374E, 0x44FC8A58BEA07908, 0xF997EA2500EEA5E2, 0x70D3CAA09EE18851, 0x3B3912454EB91F8C, 0x3947C13FDFE5C20C, 0x14E1D47A76967369, 0x846D75969E982E15, 0x1CBCCC6D11EB7C15, 0x53D12E8DA3B6B9D7, 0x1A1DBB8DC0AA7F38, 0xE251774FB8D7A76, 0x586AA219999BFAE5, 0xD178BA512E83ED2E, 0xFA0CBCA7BB432409, 0x59296793798A7318, 0xEB4B170A5C02C49B, 0x2E359A6CA3C8C224, 0xC5F5567F9308C01D, 0x6750DC471085D8AF, 0xF1E88AF82A37D427, 0x25FFEE434C6DAF33, 0xCF60DEB390999D50, 0x11226D5C0D638919, 0x6A2AA1317D932072
rtx.zUp = True
